phone 
9346005120
7993806003
8329220369
8178026449
9990610176
9634893110
8754567444
9348933653
8680036507
8506998072
7977329152
8618922499
9890538415
9579166829
9164358222
9752565850
9873427089
8758436135
9952951191
9892522777
9847918284
8807961117
9879550082
7503815702
9926755706
975175452249
9426247598
9753530143
7575836505
9724316160
7975857431
9650834363
8381033514
9948122441
8683000804
9975591233
9999882101
9834544713
9637162040
8602419511
7387009690
6006576182
9538841160
8657980475
8698788510
9637250841
8197850841
8197807588
8220770220
8077447408
8618340001
8120777716
7388925632
7075171105
9999982110
9665195106
9999512537
971501318374
8141322343
66840698363
8799779947
8860219205
9209665310
7000158216
8141152603
8983796950
7093567225
9480153965
6372869874
8108782458
9757292265
7053733542
9998603522
9131846611
7999805673
7021430327
6301952216
9967986681
9998558335
7587247571
9313083271
971567461501
9303358605
9303358605
9165468087
9870927051
9427848931
9099159158
7828257369
8347129002
7303554145
8652868368
9157374865
9491655351
9886259674
9742774034
8799803828
9211653381
9427410550
7987470788
8919198138
7340536074
8837898828
7619361737
9725902337
8788478591
7009831670
9770094869
9327713018
7249526972
8892494937
7900959236
9022826589
9967416575
8883324365
7057456412
7439293803
9825999106
9033068761
8260523600
9937199714
9849397794
9603555675
7780993673
9470070113
9930728683
6374224681
7396001077
9986855840
9689175417
8160479466
9465174761
9811571394
9146383680
8798132585
8153802611
8109939544
9491908160
7905609807
9619173164
9327604584
8949708928
8411972931
9043661767
9449708560
9672717326
971561545003
9109082065
9820625247
7871637326
971561545003
9109082065
9820625247
7871637326
9930873418
9356961162
8409214519
8088019904
7603992682
9516926562
9324235010
8220295678
8369118355
7507147965
9566122112
9845702432
8919340460
9597814642
8900931085
7892165064
9790751496
9566944076
6369579290
9622790378
9966270004
8197613614
6366053643
9829141699
9558918648
9834016441
8484828102
9844285966
7888726757
7204208513
9398912459
9663942311
8850918009
7606853530
9167862426
8895733834
8976410109
9904374951
9978912020
9699970452
8149551683
9740899162
9971867705
8607850135
8141843858
8141843858
9076509083
7655012245
9940529288
8374295659
7351471283
8888005306
8447400160
8696258042
8735954632
8172073774
6289254235
8192836807
8435922441
9428468431
6369402207
8209051827
9322012844
7610596379
8128507020
9483182202
9009898261
9537597715
9912382542
8826267800
9574902310
9967465695
7409133098
7738430614
8200142378
9673622947
8085888228
9167718650
8686504171
8951371812
9861499797
8587840762
9679537923
9893358796
7620937022
9884708172
9313830060
8639349202
9346190108
8197280540
8789392196
9348719930
6207301947
7973683482
7083270776
9898182700
9969163914
9164596040
8123139709
7702327017
8143905772
8779638197
9845439702
8639819487
8866836020
9603499982
7899884467
9851027366
8890296329
7091650641
7000426645
9650694875
8431534796
9981820050
7989240570
7007293907
9165896586
8808430540
8093820306
7025795936
9825840383
9916072112
7276078808
7893525615
8639187198
9810685253
9033472133
9513835410
8431629142
8291344231
9068688887
9063430804
9776653760
9036515123
7720893428
7755907886
7204207119
9830737370
8689887259
9914021340
7600636894
7985518108
9819617101
9845418579
9711128224
7989082129
9266432747
9811172907
8103937979
8097022043
8855015373
9656164305
8949719470
8108698414
7092417581
9491572043
6386391764
7508788104
9022949018
8281153125
8886485165
9307536189
9972015849
7000760559
9038729635
7894188323
8390015455
6265470804
8971162696
9601818432
6203275123
9304669348
9585902101
9909700490
8669192838
9372842855
7405571998
8008168027
9959756727
9879111898
8302679704
8839506937
8160601090
9518374185
8496016355
9482644214
9910378442
9953549599
8005532178
9769082026
9405308579
7504051872
8452029920
8850154534
7871745426
6303686742
9360570057
7092348996
9110858755
8517087537
7255050505
9850203015
8143821887
9910043265
9427628491
6382128821
8296935650
8588961275
9466668407
7869902000
9464633204
9526021000
9363978433
8285294281
7069371517
8529171540
9924113413
6284004880
8639917228
8200682212
7858957911
9229880837
9819382272
8149860261
9539916882
9871297344
9648495860
7827606394
9159209855
8431282273
9371457672
8123984871
9398521969
7487927843
8859610107
9877581880
8200067041
8973333233
8848317461
7435023378
7010943628
8655383171
9824882187
8871008838
9546794779
6299247254
9340129342
9780869853
7895377164
8980511711
8871764646
7205527019
8072694411
9880674493
9871364311
6282956381
8686021463
7995337494
9713700104
8595055290
7302126657
8352865658
8095994613
7069014533
7972500370
8287766247
8360312356
7470850652
9131317742
9003105254
6294376055
9766855006
9930056712
9686432959
8693383420
7000359099
6283528680
8351029651
8700027762
9539916882
8852049653
8984152030
9411444679
9113623631
6384282519
7827606394
9149054580
6235672919
7888656434
9650977450
7087301629
9926647673
7904970715
9539916882
9673880838
9365409942
9503662992
9998161258
7888656434
9650977450
7087301629
8269448136
9775612994
9739650127
9609609319
7069987553
9609609319
7069987553
7069987553
9666385148
8980511711
9099108642
9104904910
7696694391
9867026597
8595640004
8488941292
9902995144
8431617467
8957249016
9819382272
7738487528
8957249016
9871297344
7838578441
8856079999
7778931515
9867238780
8446419274
6386391764
7549837882
9307588031
9988797174
7997506538
8320663788
7993006361
7021161654
9313735209
7878058928
9664652393
8584894337
8094202871
6290955102
9452493889
9876369417
6350621764
9936091582
7261639609
9479410815
6370984261
9701642382
8805711131
6355748972
8591376410
6280486155
7573929135
7702865415
9842885141
8953903512
9888801604
7984679085
9082991019
9452671706
9867990295
6235022403
7073856200
9067942748
9412883177
8367672003
9825251422
9284645113
9833328516
7093745769
7719910722
8587051207
9867238780
7778931515
7619786192
7600572710
9580533952
9880398782
8269448136
7990483776
9833007895
9974144101
8984181324
7710771500
7695902988
9898845863
6388345624
7340097587
9782610085
7829927942
9860159383
9831844718
7909190671
9140604040
7985940933
7095476887
6383164428
7008286800
8358836028
9145555222
8459444707
8766437585
7666118044
8340848952
7000151553
8839855655
8220957414
8074746640
8217435564
9053303800
8660151226
9878948889
7022449141
7009121682
9113948009
7001812409
9203341501
7022703966
9780220345
7009311748
9770088264
7707821503
8747833946
9701536274
9546239600
8874109981
9284615460
9783136786
9628282045
9638813210
9601541585
8447570790
9509925183
7505524472
8830515441
9634788925
7353531573
9324643101
9888416541
7675075027
9043661767
8305714612
9326463101
9881495485
9560931568
7015169819
9425600188
6283092975
8827343789
8697672394
6283092975
9425600188
7015169819
9945280319
8151817436
9447592957
9414254905
9324430443
8434263484
9420226282
8509001819
9930531851
9878764350
8619095880
8369713029
7052822180
9540969502
9880993000
9827147528
7994693432
9560931568
7401104838
7083384049
9074280822
8050983911
7887332350
9799608268
7892237684
9941940940
7053550745
7549942342
9582066941
9664841740
9844004198
7008212268
9841566020
8099728297
9399268379
7058108135
7770050170
9886578367
7906693750
9467644899
8600545378
9664841740
9306226992
9687225291
9844004198
7077944559
9061118344
7991613967
9946892700
9021298002
9872366868
9425600188
9035599155
9963447337
9953045489
9176007692
9614676275
8320537467
9830934102
9304105745
9923875823
9897213533
8583043678
9789899029
7452944893
7217287677
9551660829
9558290117
7219745400
8349400136
9260953426
7248912620
9657130609
8179987681
7719906707
6351520303
6005644995
9555697399
9173990481
8955997610
8000853428
8207848755
8290022589
8828652800
7619801489
9823618786
9335887005
17275472522
7871510341
9033068761
9623441662
9766256786
8709438448
9081077050
9426360364
9940231608
9876259370
9620446204
9680250436
9888501448
8436946046
6203575026
7764849810
5387944991
6370984261
7418441345
7828414025
9824695188
7200353203
8765496136
9900866413
8765496136
9900866413
9449106977
9682195850
8527030663
7529068256
9654835668
9867266376
9103376095
9007321421
6352990921
8198005593
9625930587
8125544261
9718433574
9350876837
8920653719
7248985845
8074669484
6043694029
7674979569
8870155712
8660474065
9136952974
9868160466
9425002418
8291697679
6360411315
7666501483
7025486144
7977677383
8779029131
8291697679
9780009573
9399256679
9825786327
8250967872
7503030061
9987398199
9741441609
6261929722
8510081942
9657595328
8882223343
7413067645
7668777776
6370984261
9891533583
8851192609
9324606725
9583966311
7999712379
9893868596
8618987332
8698847566
9068121242
7088779176
8432343416
8169232745
9426163794
6378686841
8727020670
9576377953
9898913636
9827647471
7979907768
8770554624
8717811868
9426163794
8595965899
8273883154
9426280101
9503587316
9970983969
9574566000
7697339242
7665954972
6280989781
9413239757
9755108689
9618178176
9030488855
9923291655
8872999541
9047873448
9873365062
8072202156
8108932988
7666509862
9717033601
9900788316
9115513583
9503376741
9849640808
9859924011
9340170466
9780009691
9047873448
9167601040
6364445129
9455050517
8420936184
9930821075
8264589042
8309885953
9939754005
9099979240
9884427247
9205103990
9927460881
8858322063
8449133708
7418655209
9923291655
8727020670
8432343416
8698847566
8618987332
9893858596
9583966311
6370984261
7668777776
7413067645
9741441609
9576377953
6378686841
8169232745
7088779176
8882223343
8510081942
6261929722
9426163794
9068121242
7999712379
9324606725
8851192609
9891533583
9657595328
8054802021
9073365062
9859924011
7709824736
9996349330
8054481762
7837118485
9352421688
8180022566
9867008855
8604242680
9039443365
8567804033
9926920629
9926793557
8872999541
7498095172
8920656090
9530397301
8617761262
9567580047
7026183999
9255550106
9356206453
9686093690
7058342354
8758788274
7016398243
9820746283
7974790799
9571553909
9780675972
8800196613
8085319040
9882142424
7408984714
8120777716
8200486292
6283911233
9044969582
9004984949
7068597069
9569646898
6266410194
9902830416
8130372253
7617230505
9310856511
7976071480
8939760711
8449133708
7683970135
9967465695
8904176287
6294492942
8054802021
9346507781
7738855683
9416452697
9171984788
8287226330
8233347245
7358554378
7622065917
8438938535
8798880221
7011608183
7709824736
9996349330
8072202156
7261039609
7299936344
8009000839
8072202156
7261039609
7299936344
8009000839
7738855683
9416452697
9171984788
8287226330
8233347245
7358554378
7622065917
8438938535
8798880221
7011608183
7976071480
8939760711
8449133708
7683970135
9967465695
8904176287
6294492942
8054802021
9346507781
7976071480
6283911233
9044969582
9004984949
7068597069
9569646898
6266410194
9902830416
8130372253
7617230505
9310856611
8180022566
9867008855
8604242680
9039443365
8567804033
9926920629
9926793557
8872999541
7498095172
8920656090
9530397301
8617761262
9567580047
7026183999
9255550106
9356206453
9686093690
7058342354
8758788274
7019398243
9711996503
8450906120
7738855683
9560614948
6380480378
7338841533
9716250872
9142103209
6352710004
9999550553
9034846408
9978313168
9899220651
9088888843
9108408970
9427960264
9983179347
7058745592
8328919651
9833514869
7503030061
7801970199
6352066432
7405398816
7069388652
9953622781
9888192455
7625020852
8180045973
8824135040
8264156963
9106139628
9056669693
7602254158
7352234650
7015489774
8984503639
9779836705
9999832111
9811370066
8260770086
6261257663
9728488869
7853832121
9872346125
7404797211
6362573719
9124243114
7290802050
9872346125
7042741043
9074353118
8265816531
8149050023
9999994422
6394683119
9080429428
7357575319
9667471670
7876068089
9366039380
7978638415
7202089096
7439311634
9667471670
7876068089
9739202445
9892523078
9914645400
9877412196
9638852452
9098923406
8884516562
8377026228
9914645400
7405398816
6352066432
9106139628
9610032680
9868160466
9356002288
9021298002
8585033321
9297615277
9862348927
9848884249
9870683866
9463630315
7204771139
8082724707
9118874884
9535015629
7023148736
7275810845
8585033321
9123741252
9502197593
8007312340
9656665066
9967863122
9011216871
7023840693
9786686665
7461830449
8295187247
7855886416
9045044324
7766095959
9889010735
7696390508
9628983773
80827 24707
7337038708
9885327399
9146767988
6230394640
9889010735
7003437459
9710008440
7710972223
9831039123
8400183638
8200950327
9599114960
8000111851
9918933508
7337038708
8483815246
8141294864
6230394640
9872921004
7404709397
8141294864
6230394640
9872921004
7433068139
9359020387
7046742552
9573665976
7737046697
8000918714
7399357756
9512885580
9880486277
9904646443
9864762541
7046538830
9654835668
9766581122
7531034094
9111750862
7766095959
8294579856
8850749474
8691823408
9888515103
9098158831
9078191053
9710008440
8400183638
6003065644
8896240582
9890995911
9148345761
9558985636
7150400523
9815917117
8655460679
7990198006
9494778402
9898097503
7888750065
9052971323
9114343740
7479909845
9098987873
8949586892
9086764906
9779346466
7723960161
8731070431
7766095959
9870683866
9502197593
9987863122
7696390508
9885327399
9718646501
8390709966
8017346334
7732973494
9753542932
9867060420
8017346334
7732973494
9753542932
9867060420
8487863320
8733881803
9411941399
8431138375
7899944348
9334871064
9168247274
9858878856
8260721114
7993744759
7978646799
9718646501
9739202445
9168247274
9585486910
9910954021
7559183787
9831124592
8884560334
7041151780
9002478180
9886402465
9384460693
9394920865
9929299924
9026218262
7984406840
9317986688
8059014024
7065172708
9374632314
8591009000
9372302045
8974668694
9673999364
8146999726
9810196339
9466055005
9873827789
9276509695
7486934828
9673999364
9329794445
9173751224
9279509695
8077304665
9026218262
9317986688
9384460693
8766975706
9663791908
9356354163
8297440412
9967487346
9656062151
9668297116
9427717856
9646983367
8013872882
9473957331
9988099009
8051976584
9437002160
6003563767
9414370391
8780218496
9820686421
9922214186
9640720161
9916833323
8296824123
9744955260
8050842227
9891305456
9082673491
8897711222
9328842121
9423282914
9988668064
9827882734
9423282914
9000678227
9429304343
9328842121
7899823046
7774902220
9565707257
9560367895
9818609390
7397166262
9920375636
8200960157
700610867
8920822682
7351847434
7875037875
8851017509
9302524294
7620020704
9900399500
9991939288
7740003846
8072250440
8722444872
9818609390
9645755580
9958390552
9042220044
9343015524
9871447980
9897147052
9366885803
8851017509
9925231397
9948767667
9946148884
9113001976
9569798258
9226151571
9822779654
9580867106
9991977742
8454060459
9553609516
77440328878
9601850183
9928500550
9366016051
9922337776
7546914775
9447260020
8472925168
8340205612
9762667887
9715907312
9679580876
9765307185
909007879
9416272114
9717386903
9746653454
7039135589
8700327754
8951269419
9753493307
9265593653
7208569095
8440050771
9322680237
6392895404
7674074422
8503986173
9057336486
7842529212
9616570486
7842529212
9616570486
9004839546
7772062005
9840527853
8977769864
9441395087
8392866519
8369395184
9039927500
9113274527
9920413955
7738707479
8619963201
8527557099
976722228
7549380269
9821888635
9844706511
9714514643
7020387143
9886064483
9765307185
6303976608
8949133008
7028817839
6377671403
9427235079
9972471586
9910378442
8871294953
9811254980
8898940075
9064717951
9811324221
9416452697
9489742860
-9465174761
9974269972
9971897281
. 9123741252
9099108642
8233347245
9202167157
9689003393
7799800268
9971897281
9053298937
9205665098
9484454558
7977883616
7908560241
9717205502
8709844301
8328084430
9893777868
8778098694
9922337776
63832 99632
90450 44324
8958746639
9780009691
9110177864
9653319195
971508649344
8329829736
9246848853
7715995333
9019328037
9885960581
7738706288
8269448136
7985940933
9667250859
8779638197
9833395638
9136503591
Nov-25
9079377512
8586001469
9165634135
81301913834
8249662177
7327049046
8878450972
7619450443
7803961998
9441435568
8461007607
7061081818
9876921067
8340701305
7027246128
9204914799
8623030905
9272235707
7978463822
7908285855
6268270286
9717283335
8884306136
9825343611
9213541487
9284402296
8347832965
9427459697
9156499495
9981444827
9110261015
8586001469
9971702708
8951481252
8799156357
9602252739
8929611589
7240179361
7248907077
8966900278
6026959177
6305461357
8690053612
7349475005
7411577721
8888282981
7838206658
7977104718
6392593745
9814813949
7068650194
9360407033
9415707471
7507706466
8882980841
7507706466
9769041025
9591262248
8949195214
8879816480
9029532336
9172810802
6200048893
9036645067
9821713466
8294666600
8208885663
7022992182
9892227002
8733057053
9354664735
9213541487
8968145882
98731 3499
7259245484
9687079382
8888679972
9173073424
8000640442
8828856024
7379757271
8810502542
8017824706
9795837241
9993017711
7898069518
88104 77226
883 890 8485
7977668938
9340148752
9716044756
8892869595
9171323041
9820646506
9986388716
9833788114
8858345184
7796824490
9887286105
9284914513
8878200107
9372315574
8766266658
9285399402
9989516457
8591412870
9998851187
7796824490
9896985723
9372315574
8981250307
7448176652
9870098751
7994681559
9714647786
7397982804
9887286105
8858345184
9284914513
8878200107
7020381833
9285399402
6263075205
9436980871
6398689290
97146 47786
90422 64725
9810094718
8375890180
8073384189
9594347728
7977282649
9099041875
8830877163
7987101425
9089348945
9920989583
6304131576
9398587406
8805971907
9818907904
7042467321
8308701261
7827308083
8878200107
9628316086
9329715437
80786200621
8233680863
9075235006
9558531005
9090500063
8070103143
7982588108
9774403084
9171799282
9819311448
8349665201
7498125862
9810433394
8308144986
8977486394
9479524264
7002511491
9911664451
9755755117
8329866519
8368259690
9922407212
7978551886
9303111807
9099124475
6304131576
8826046996
9760641197
9022954999
9774403084
8308701261
7827308083
9090500063
8878200107
8070103143
9628316086
7982588108
9329715437
8078620062
8233680863
9971958869
9407331867
9425567830
9966189888
7702149417
6377137954
9364201945
7021065774
8451998517
9315765723
9599388094
9425328431
8769304703
9390175970
9741724325
8085240169
8334997712
9871465207
9265047385
9993017711
9033015780
8511449791
9928010106
9075597000
9366343768
6377137954
9981160333
9919144884
9922448561
9845013738
9871011803
9315300312
9818358354
8668978068
9098896736
9898640384
9873101546
9989967438
9993017711
9769214666
8668978068
9560155359
7993823065
9316237406
8076522127
9014467814
7099049637
9993017711
9673791786
9998244773
7900167924
9904760335
9849323716
8007515174
7067502321
9108832599
7993068606
7384215565
9325597286
8448046486
8076912329
9481521399
9082033535
7974359813
9755755117
9983783751
8153829387
9966189888
84519 98517
9390175970
9075597000
9845013738
9818358354
9871011803
9717338498
95480 09482
9318427020
9172810802
9205041686
9818907904
9045178997
9075597000
9033015780
9983783751
9099041875
88605 23236
8513829387
9485121399
8506997655
94073 31867
9325223095
8754466017
9998060005
9724346787
7628892942
9723495407
8133097954
7400098135
96480 06243
9022629221
8696772806
8439881583
8073673896
7795729979
7760334623
8008632857
96677533933
9978758564
9904760335
9850172053
8149586461
6239067953
8947985199
7000533389
6284650851
7505524472
8077420918
9057584997
9616570486
9424475111
9767266347
7045243975
9888084757
9827450590
8286409471
6598941210
6280777181
9712904166
9988450176
6598941210
7011837177
9345883448
9988450176
9888084757
9723440532
9712904166
6280777181
7505637342
9785057895
7881107955
9934580097
9958349611
7011837177
8802269984
9429018125
97111 34847
9901401704
9729321121
7010266872
6284364198
7248912620
7033744404
9428780353
6368224471
8286409471
8890992764
8982077754
9899471484
9845107274
8557055942
8090099888
7970640716
9142689423
6900463736
9723495407
9175956961
9823855655
8260264783
8133097954
7037581131
7046866848
9457134340
8087701720
8890613966
7905032215
8436815391
9425188570
6239353874
7330901383
9146842571
8743995709
7985019584
9352424593
6265777797
9948440545
9889392376
7210961300
8799616461
8096465525
9351159059
7463054184
9855018006
9116915576
8955251853
9719170700
9028148175
9646920321
8670031596
7674813428
9834854188
9261684852
8955092126
971565785069
9289654836
7720903889
8708297719
9922228880
9356706267
7030304369
8882484278
9841388012
7970640716
7973551805
9518954376
8360344531
9049141042
7735961264
8073309659
8560020141
9828366402
7508245418
7386569202
8469557671
9372681297
8472017242
7366823882
9518954376
8291342540
7024239099
9811866161
8260250981
8950092126
9028148175
7330983724
9337218158
98719 27862
9718305498
9871918013
9467441998
8800373185
94379680580
9637192556
9871415252
7073921649
9133261649
9971370157
7674813428
9893403333
9985128085
7674813428
7678285871
9108193678
9865633617
6281580442
8826212648
9014467814
8924029629
9764681144
7008823900
9356502202
8127062593
9923891820
7838320243
9755971397
9823624737
911135560378
916001788606
9391012220
7891593277
98123 13446
9910971039
9824117591
9106336877
7893695348
8128144755
8384075048
9891012828
7517284162
9967212872
8168361419
8527363669
7022992182
7982128851
6265658081
9887639937
9625055586
9417482053
8979017940
8273206515
9039472811
8851040046
9915787498
8438778434
7394036749
8969782880
9034113376
7411157210
6298754848
9034113376
9689967640
6395560489
9958790431
9415084043
9243039410
9358762819
7879661236
9540367560
8383014175
9285547032
6378783800
7851985202
9303012395
7000696162
7340121388
7760334625
8968273844
9815572141
8137882771
9902530585
7677125616
9985057895
9415022974
8859343237
9460837901
7350115545
9616507486
9889654836
99109 71039
8178262628
‪9667129730
9425188570
9978470386
6289754848
9927396603
9602802400
9313541687
8830558942
9313541687
8830558942
83024014146
9833055800
9911959826
7477050142
9867924946
7583044498
9833989233
8735094990
7972582615
9822778338
6263552592
9978470386
7227864641
9571017134
7028802859
9903105168
9926699668
9412634799
7066655533
7057868144
7828575658
9664157089
7276021681
7508788104
8299315196
8788032783
9312675470
9810674842
7988015950
9560812778
9871136637
918595995589
9312435016
9611940892
9978470386
9723440532
‪9978758564
8890992764
7350115545
9911959826
7426925539
9182645841
7906141714
9667376835
9713748786
9849173730
9849173730
9845407404
9893015785
7428424112
9930647551
8700494215
8818090403
7875337946
9584007700
